<<<<<<< HEAD
72,86,73,66,37,76,19,40,77,42,48,62,46,3,95,17,97,41,10,14,83,90,12,23,81,98,11,57,13,69,28,63,5,78,79,58,54,67,60,34,39,84,94,29,20,0,24,38,43,51,64,18,27,52,47,74,59,22,85,65,80,2,99,70,33,91,53,93,9,82,8,50,7,56,30,36,89,71,21,49,31,88,26,96,16,1,75,87,6,61,4,68,32,25,55,44,15,45,92,35

58 60 65  4 91
73 31 80 83 44
98 47 33 21 25
76  6 41 94 50
55 30 52 11 36

 8 27 21 18 94
59  3 47  1 64
67 16 90 20 83
26 43 87 82  4
19 93 89 48 72

28 31 21 56 35
63 98 25 65 61
46 11 91 24 34
76 22 15  0 87
83 80 39 12 71

48  9 95 18 12
67 20 40 29 51
 0 85 21 69 89
71 81 97 64 13
75 24 65 50 56

 1 27 24 93 42
47 71 21 91 88
39  7 65 64 51
28 16 15 25 56
48 23 32 20 22

26 37 62 13 82
53 54 16 50 75
42 18 51 64 60
25 47 71 38 77
27 57 29 76 40

97 20 68 90 70
42 96 62 49 27
56 67 12 13 94
71 35 31 54 17
73  3  5 23 19

43 93 19  7 80
88 37 51 49 58
29 97 17 94 65
61 22 75 98 85
28 73 84 47  1

96 99 82  7 91
43 32 48 39 60
49 51 15 30 11
16 72 52 69 18
79 95 41 68 59

90  3 81 44 99
 9 40 94 19 37
41 52 43 83 46
 2 42 26 24 70
49 74 34 66 77

59 83 91 44  0
62 85 69 18  8
74  5 94 48 32
50 46 25  6 96
87 41 75 22 31

36 61 69 96 87
77 60 49 32 45
92 97 34 21 70
31 62  6 63  2
56 93 26 54 85

30 96 54 85 82
29 92  1 74 42
63 26 65 34 98
87 91  6 53 64
62 45 13 50 56

 3 67 61 56 23
34 48 39 76 37
44 83 35 72 29
70 45 55 47  4
31 92  6 99 59

 9 42 99 80 14
81 57 72 63 18
19 67 25 90 58
 0  4 51 52 69
93 60 73 28 23

 5 27 68 24 35
69 67 49  1 79
73 64  4 42 32
55 74 44 90 45
92 43 33  2  3

 7 45 24 51 33
71 66  6 13 23
77 55 76 48 44
39 70 43 36 32
88  5 69 47 92

45 40  5 93 80
64 37 10 35  4
11  6 75 30 38
74 44 26 90 99
 1 81  8 50 32

92 71 59 47 32
45 65 68 55 28
99 88 17 36 82
16 22 61 48 93
29  5 69 24 51

88 85 54 41 92
10 67 40  4 30
29 45 32 47 51
96 81 94 58 34
39 72  7 46 98

52 33 11 60 69
19  9 88 93 75
82 45 72 48 44
85 61 87 79 26
71 80 21  0  3

60  1 57 93 81
17 32 61 21  4
76 24 46 98 33
 9 84 91  6 23
 5 59 52 96 54

22 35 20 41  4
57  8  9 97 10
19 25 12 65 53
 5 50 91 32 23
58 96 15  7 78

90 78 31 47 88
81 56 55 95 10
60 42 68 34 57
53 64 85 50 35
48 16 89 93 77

64  4  0  7 16
58 50 37 98 34
85 71 75 22 57
81 91  6 86 19
61 63 95 40  3

66 88 55  0 32
68  9 98 73 36
15 45 39 67  6
91 11 79 23 84
12 80 62 14 17

79 31 43 75 97
54 78 87 60 99
41 34 32 61 26
44 37 20 12 18
16 73 10 71 22

92 83 15 36 27
28 21 35 42 18
60 87 41 38 95
45 10 70  5 80
11 30 56 17 61

63 25 57 42 14
24 71  2 11 93
56 73 16 47 28
87 64  8 27 83
21 50 78 48 62

18 29 90  1 16
39 72 21 88 55
19 13 69 83 71
 7 97 43 58 61
23 96  9 33 81

36 13 32  1 11
57 17 91 76 72
29 83 35 68 90
87 12 39 19  0
99 31 16 25 43

 5 52 64 73 40
 0  1 51  3 14
61 91 55 30 88
33 83 31 13 71
24 97 36 19 53

81 15 67 72 78
20 21 40 96 37
13  5 33 83 66
22 61 91 56 84
35 86 75 41 46

28 29 73 84 26
42 54  3 15 12
34 16 62 91 30
53 13  5 46 55
67 18  1 59 24

16 39 26 11 67
36 20 62 27 78
85 25  9 87 66
 6 70 60 98 59
94 46 17 81 10

35 86 49 59 38
88 54 68 17 87
10  9 90 30 62
82 20 32 77 76
81 83 79  0 67

26  9 63 23 45
22 44 36 60  4
84 91 54  6 78
94  2 62 61 31
52 88 42 21 29

 1 32 44  0  9
13 36 26  6 17
50 74 14 51 88
25 10 73 43 16
47 68 34  2 81

74 67 38 24 32
46 53 63 18 82
33 41 48 90  5
56  3 20 99 17
96 94 59 21 87

49 72 39 25 62
59 99 27 53 98
33 46 92 38  8
18 82 90 70 20
 3  2 54  0 75

54 34 45  0 19
95 11 27 62 50
 3 77 79 17 81
74 57 40 83 47
88 72 39 92 16

65  1 91 71 67
81 23 34 48 90
28 92 84 11  3
 5  8 61 16 76
83 46 24 55 82

42 87 55 23 59
79 54 81 48 95
61 16 44 13 91
53 98 72 30 88
65 69 83 36 64

45 80 47 27 78
54 36 16 75  1
17 26 68 28 39
43 87 49  0 89
56 24  7 85 92

18 50 95 70 49
44 47 69 92 54
96 28 79 67 16
13 31 29 98 14
53 20  5 66 25

88 33 27 97 67
20 69 22 35  0
50 73 70 52 91
71 32 48 21 65
 3  5 15 30 86

77 85 98  6 11
15 53 21 89 67
51 40 62  8 36
37 69 47 24 29
39 63 64 72 44

13  7 80 86 29
45 91 82 41 42
69 74 12 68 38
84 51  6 10 14
57 26 62 17 24

31 88 98  2 11
33 40 23 30 43
25 16 50 41 22
12 51 99  6 89
91 66 90 97 32

22 74 70 98 54
25 20 76 40 38
21 99 69 10 41
11 59 46 61 36
87 50 49 84 78

57 25 39 22 86
37  8 61 78 73
49 30 95  3 44
18  1 58 91 46
24 64 17 13 60

61 10 14 53 83
32 28 66 65 40
63 86 48 76  6
92 69 95 24 55
59 71 72 30 33

47 76 18 53 56
37 42  9 28  2
 0 80 99 48 27
79 20 15  5 54
 3  7 71 89 87

31  8 16 28 79
56 77 66 59 36
 9 99 85 57  6
67 82 73 87 91
37 52 43 58 81

 9  2 96 51 64
68 30 36  3 66
33 57 41 83 52
90 84 54 20 56
14 88 62 76 38

17 86 75 54  5
13 59 68 87 74
44 62 31 57 98
 7 24 36 71 76
69 23 19 70 73

55 40  1 98 24
85 29 39 72  3
80 28 94 67 65
14 70 49 97 90
11  2 74 44 48

49 91 63 99 67
 1 69 29 22 81
58 77 62 74 16
 9 68 38  6 78
72 24 94 64 76

94 98 58 41 63
77 76 73 62 49
74 38 87 92 46
83 89 48  5 15
26 19  8 44 56

72 21 44 61 99
84  8 66 69 32
12 38 57 86 37
87 74 41  3 91
90 78 45 89 49

22 85 17 59  8
99 43 79 65 84
56 36 66 78 57
50 10 39 67 69
12 14 34 68 23

 2  8 58 29 89
53 54 69 19 48
22 52 35 36  6
26 46 44 15 61
21 71 63 83 99

84 25 24 59 95
49 29 26 17 58
39 51 15 72 21
 1 13 35 85 11
 4 91 18 89 53

49 76 48 58 19
32 11 53 24 67
64 12  3 45 31
 6 75 44 46 80
59 90 42 39 83

71 25 59 18 12
54 10 77 52 13
42 68 28 17 37
33 82 47 22 24
38 14 79 41 84

81 56 34 28 71
83 27 14 16 30
63 26  6 45 29
86 53 60 50 15
 8 43  7 44 91

32 30 59 58 55
76 24  8 79  0
35 14 46 16 99
20 19 98  4 94
74 85 51 31 17

32 37 22 91 52
 1 20 88 17 86
64 61 34 23 79
28 42  5 67 72
 4 94 13 74 14

11 62 72 23 45
60 65 56 81 29
83 64 73 61  1
57 77  2 30  9
10 39 50 28 88

50 17 65 72 16
24 86 42 39 68
20 84 27 98 12
57 41  1 63 32
94 22 38 81 18

45 51 38 88 94
21 24 44 74 63
29 19 26 57 32
40 31 56 80 53
36 70 33 22 93

99 86 22 85 17
74 45 78 67 39
18 42 77 46 27
20 31 40  8 81
73 47 19 96 15

92 54 10 73 24
44 18 74 32 19
69  8 14 46 33
63 57 97 65  3
62 34  4 36 35

71  7  5  3 88
94 79 47 41 28
51 31 91 23 52
99 42 39 87 54
48 59 97 68  4

 9 93 86 99 26
14 83 45 43 48
84 23 17 28  4
35 79 47 75 61
54 65 59 81 42

89 99 27 58 96
23 52 50 24 70
47 83 61  5 65
40 19 66 21  0
55 10 13 81 51

26 30 33  1 57
41 60 44 96 70
72 29 24  0 62
76 69 16 21 93
52 48 79 84 14

65 36 74 22 80
21 69 47 31 61
42 50 92 27 18
12 24 91 29  6
28 73 70 76 11

60 79 47  8 30
65 50 54 56 23
14 98 33 25 76
74 71 86 37 66
72 77 85 39 53

71 56 53  3 19
88 99 40 61 37
95 87  8 78 34
54 75 57 96 12
50 98 69 58 94

16  9 85  2 87
88 98 37 13  1
27 42 15 18 22
29 58 25 99 72
38 86 78 91 92

 3 21 39 81 76
66 47 80 44 13
59  2 96 17 62
35 51  8 37 41
88 74 14 92 18

71 15 74 60 32
17 67 69 62 80
19  1 78 89 85
22 96 11  8 13
 4 86 48  0 61

22 29 68 36 55
73 62 86 31 90
 7 75 49 81 46
 9 41 83 67 51
32 24 59  5 99

84 94 25 18 57
76  6 98 79 29
42 10 71 89  5
74 78 53 85 51
64 20 49 47 37

95 22 29 37 87
13 54  0 28 74
21 50 49  8 92
81 58 34  2 43
65 19 63 52 76

15 69 67 23 21
82 84 20 83 53
49 59 86  2 31
71 89 68 40 79
76 25 42 22 13

82 11 88 77 92
48  8 61 13 64
32 72 80 67  3
52  4 25 75 94
53 20 33  6 16

41 95 57 46 17
50  3 99 74 28
97 39 73 58 70
75 35 94 51 87
12 44 43 21 71

74  0 85 48 21
42 28 16  6 53
51 25 18 72 47
83  4 37 79 29
96 39 78 44 56

45 60 35 49  4
25 94 68 34 56
54 17 61 74 50
70 48 98  5 14
15 85 21  8 22

29 33 86 96 62
 2 43 61 10 46
11 12 76 31 80
88 78 37 92 14
53 57 90 74  1

32 56 43 50 60
 0 77 72 51 37
71 40 69 97 38
65  2 67 47 81
54 79 82 84 90

82 26 28 87 93
61 33 38 89 12
25 13  5 37 35
15 67  8 94 16
95 59 64 41 70

85 22 43 18 13
64 73 96 16 84
61 44 12 37 11
47 35 80 32 14
 2 41 60 29 86

52 87 78  6 61
50 21 54  4  2
91  1 35 48 72
99 43 69 44 40
30 41 19 29 27

10 20 95 69 22
66 53 77 37 28
51 89 85 48 21
16 14 60 73 43
96 86 12 97 90

48  7 67 47 96
71 61 60 64 18
13 15 57 86 93
46 41 53 88 32
82 65 26 34 10

80 92  2 54  5
 0 17 78 81 43
33 15 51 73 61
71 31 47 38 11
52 29 23 97 14

76 52 54 92 80
74 50 11 27 78
63  9 25 38 20
 3 90 39 37 15
87 45 17 93 62
=======
011111111101
011000010111
000000000101
000111100001
011011010000
001011011100
111101100010
010001011011
010001101001
101001100011
111010100010
110110110110
110100011110
001101010010
110010000000
110000101111
111011011010
010111010010
011110100010
000011101001
001010100111
001100111100
101111110110
101111010101
110000010111
000111011000
110110100001
010110101010
100110111011
010100010111
010001100001
110000110111
111010000101
100001101110
111110001100
001111010100
100000101011
100110011110
111100000001
001111101100
000100110010
001001011010
010101101110
110010101010
001010100010
101010011011
001111101111
100101000001
010100110011
011110110000
001110011010
011101111111
111111000000
101010010101
101000010101
011100010110
111100001101
011100011001
010100010001
010011000000
000110010001
101101100100
011010100101
010111101100
111011001101
000100110011
101000000111
010011110011
000000110000
000001101000
010010000111
010010001101
110101010110
000100010110
101000101010
000010111111
110101010001
101000100010
001100001111
101111101011
110011110000
101111000000
111010100001
100111101101
000000011010
100110000111
000010011100
100111010001
111010111101
110111110100
010111001001
010101101100
111000110000
000110111111
011110011011
101001110000
000000100101
000000001000
000110110001
001110110011
111000110111
101110101010
101111110011
101010010111
101000011011
011100110100
000110111110
010000010110
010111011111
110110110100
110000001100
011101001001
101011101111
011000001110
111011011110
100111000110
001111101101
000001101101
001011111000
001101010110
011101101100
001100110011
100101011011
111101010011
100110111100
111111000010
100000000011
110000000100
011101111011
111011000000
111010010101
010110001101
110111100100
101101011101
011110011111
000011101010
001010001101
110101101110
111100101101
100101010101
001010001011
111011100010
010000101111
101111101111
101100000100
101101010001
010101011111
001110010111
010010000100
111110011011
011001100111
110110111100
110111111110
001001000010
000110010100
001011111011
111100111100
011100010111
010111001110
111111100101
001000000110
111101101100
000000010100
110000010100
011110111010
111100101011
111010101110
010111001101
011010111110
000011010111
011011000100
110101111100
000100110111
000100001001
111000011000
000101000101
100000110100
110101111011
011110011001
111101100000
010100110111
101001001101
100101110001
111010110111
010010011010
011101111000
101100101111
010011001000
011101011000
100001010101
001010011011
001110101010
000000000001
110100000010
111111010110
100001011110
011010101011
101010000000
101100100110
010110010101
001101010011
011100001001
000101111110
000001001011
111100101110
010100101010
001101001111
010000101100
110000100111
110110010111
011110011000
110010000001
101000000010
101011011101
010001111101
111011110111
101001101001
100101001110
101110010100
001111101000
101001011011
111111100011
110111000011
100110001110
111001100001
100000111000
011110000101
000010001000
011111111011
001101000000
101010001001
010001001001
001010111100
011010100110
011100000001
001010110101
110011011010
001100001010
000100110001
111111110111
111110111011
101010010001
010110110001
001011010100
100100100101
000111101000
111010100000
100101001111
010111100001
001001001011
111101001110
011010011111
100010111000
111000010111
100111000100
010010000000
010010111101
001011011110
110000000000
001111101010
010000000111
111010101100
000110101010
010100011000
101010000011
101110111100
110000100010
000011010011
000000011101
101100011001
000100010111
110110001001
101110101101
110001010100
001110111011
010111010101
111001110101
100101011111
011001001100
110011011111
100001000000
110000101000
100111011111
110011111011
101011110011
111101101010
100010000010
110011001001
110100001010
111100011001
100011101010
101110100010
110110011000
101001110011
000010010011
101011001001
010110011010
111001111110
101000010010
010011001101
010001001100
110001011000
000000101101
001000000101
001101001011
001010110000
100110010010
110001010110
010111110110
010110000101
000110001011
011101001100
001011011011
000011000110
010100111110
010111000110
101111011110
110001110111
001001111110
010101110000
011001110101
101001010101
111010110000
110100110110
001011000001
001001111101
110110101100
010011000001
110111000001
011111001000
100001110101
000111111110
111110111010
000110111000
100100011000
010101100111
101001001011
001011010111
100010101000
000110011001
101010000010
001110100110
000011000010
010101111100
101101001110
111001011001
110100110101
111111000101
100001011000
100110111000
101000110001
001111000100
110010111101
011110110011
111100010100
110111011001
011000111110
111110011100
101000000100
000100000010
100001101010
110001101010
100010011000
100000000111
011011111011
001100011101
101110100110
011110111011
001010001100
111110001010
110010100101
010110101100
001101110110
001000011010
100011111100
101101011100
001100001101
101000110000
000110011010
111001111010
011000111100
000101111100
001101110001
101111110010
101110100001
110010111111
000000010011
000001001101
010100010010
100011110001
101111010000
101111001101
011101010101
000100111111
110110100110
010111101001
001101011111
010000100010
110001110000
110100010101
001001011000
101101001100
011000101001
111101011100
100001101111
101000111000
110000100001
000011111101
101000111100
101101000001
010111100110
101111111001
011111101000
100000010111
100001000010
011100100000
110111000111
011101010001
111101000110
110101100011
000000011011
010100011100
010000101001
010101110001
001100011111
010010010000
011101010110
011111001101
011011110011
000111110111
110000110001
101010100101
100101011010
000100010011
100001100010
000011100101
110011101011
010000100100
010000010100
101010100001
101011111000
000101110101
010010100011
100001100011
100100000111
010110100101
100111000001
101000110101
110101011011
000000100111
000100011011
111001100110
001001011100
011000011010
010010111000
010111011001
011100101100
000100011101
010010110000
011011001001
010010101111
001001110101
101100011000
100111000010
011100100011
000010110001
111110010100
100110100110
101101010111
111010011010
101000111110
010001101110
001010110110
101010011010
001111100000
101000010000
100101110101
100010110100
111001110010
111000110001
000101011011
101110010000
011100110000
100101010110
111001010111
000100100110
000010101001
101010001011
000011101000
000010111011
111111100110
001110111111
111001001010
000101101000
110010011010
101010101011
011010011100
010111011010
000110101000
011010100000
111100000101
010100101100
001110000010
111010011111
100110111001
011111001010
001110101110
010011110010
001111001101
000001111000
011010110101
001101110111
110010000010
100111111101
000111000011
000101101101
010101001000
111011110000
000001111110
001001000011
100100011001
000011110001
001111110111
001011111111
011110010001
010000110000
111111111010
101001000001
000100000111
110100001100
111000110010
000000000110
111111100000
001111111000
110111111101
000110101111
111100001111
100010101001
000100101011
100011110101
111101100110
001111000010
010000000011
101001100010
100100101101
000111110000
010011100000
111001100100
100011011110
110111001111
010101001111
011011110110
100000010010
001101011010
001001101100
001010010000
001111110101
110011011110
001000101100
010001111010
010111000000
100110110101
110001001001
010001010011
100101000100
011000000000
100011110100
011101101010
010101000011
001101011100
001000011011
011001110010
000010000000
000101010000
001101111110
011010000101
110101001010
010001111000
111000110100
001110000000
010001001110
111001111100
010110100010
001100011000
101110111111
010011010100
100001101101
011011001101
111000101011
100111010110
101000000101
111110001110
010001001111
001000101101
000011111110
100100010011
011110111000
010000001110
111001011110
001101001010
010101000001
011000101111
101100010010
000000000000
010110110111
101011001010
101010110101
001000110001
100101100101
101000110100
110101111111
010000111111
111010010110
101010100111
001011001111
010101010101
110101010011
111101010111
001110110010
000010010010
011100001100
010111110100
011011100010
101111101110
111000000100
111001110100
110010111110
111011100000
001111010111
101100100001
110111011110
111111001101
100111001101
111110110100
101101000111
110001100101
110110000010
101101100011
110111110001
011011101100
011011101110
100001011100
001100111001
100110001100
011101100101
101110000001
001111111110
101110111010
111101011011
100000110000
110010110100
001110100010
011011001000
100101111011
010100111100
101110110000
001010101010
001011010010
111000111100
111010101111
010100001100
001100101111
001011010001
101100001110
010101110010
110001001010
000010101010
111000001000
100111011011
110000000101
011000011011
000101111111
010100011011
001110111101
100001000111
111010000011
001101111011
011100101111
010101010111
111001010011
011011111100
110001101100
010110010011
101000100000
010010011100
101000110010
101100011010
101011011001
111101011110
001111100111
101010101000
001110110111
000000111110
101101101010
010010001110
010010100001
110010011111
010000001001
011100001110
111000001111
010001111111
111101101111
010010110110
100101010111
110100000111
110100010000
101010010010
100111100100
000010000001
101110010010
101001010100
101101101011
010101011000
110101011010
111011010110
110100100001
011011011010
010101001101
110101000011
111010110101
110100111001
101011000110
010101110110
010110100000
101101101100
111101010100
010110010010
011000111101
011100100100
000000001111
011101011110
011111001100
111110100101
001100001001
000101100101
101101100111
010101010001
000111001000
011001110011
101101111110
110110111101
000010011110
001000110111
110001101000
111101010001
111001110011
100111101110
011100110011
011110001100
100001100000
100011100000
011100000111
001101000101
111001010101
001001010000
000010101011
011001101000
100000000000
100101011001
100000100110
100000111100
001110110001
111111111111
100111110011
110000011000
111010000110
000010001001
101111100001
110100100110
011001000001
101011100101
001110100100
000110011111
010110011000
110000100011
101101111001
100101101010
111110110001
100101000000
010001110111
011001010011
011010001011
001010101000
011100001000
001001110011
001110000001
010101011010
000100100101
100110110110
001011111101
011101001110
100100111110
110100111101
010100111001
011010001101
000111100101
010011001111
010011001011
111101010110
000100011001
100110101111
111000111101
110101000101
010110001001
001001100001
101010101010
011011101011
000001101111
111000011101
101001010011
011101001101
111011111100
010001010100
110000101010
111010000100
011001100110
011011011110
010111001100
111110010111
100100001000
110011110010
100101110110
101011111100
000010110100
001010110001
011111111100
010101100010
001101010101
000101001000
000101101100
110110100101
010111001111
100100001001
111000100110
011000110010
111100011111
100100110110
111100100110
111111010111
000111100110
111100010000
110101100010
001111100101
010001001000
000000001110
101001000110
011100000101
011101110101
010100101101
110110101011
001011110010
001010011100
100010111010
011011111111
011101101101
100010110010
111111001111
100110010100
010011000011
100101111110
101100101000
011010011011
100001000100
001000111101
101001111000
100001110011
100111101001
101110001010
010110011001
110010101111
011101000001
110000100100
100000111001
101010011000
101011000010
001100010110
011010111000
110010010000
100101110000
001111110010
110011010100
011110101101
010101011011
110111011111
000010100010
000101111010
010010010111
011010111101
010101111010
111001000100
100001100101
111010001010
110001111011
111100011110
100011111011
011111110111
010000101101
010100001001
001000110000
001011010110
010001100110
101000001000
101100110110
010011101000
000111111001
110101011101
010000100110
100011011000
110110000011
001001001010
001000101010
000001111101
111111011000
111000111011
110011110101
101111111100
110010111011
001011010011
001001011001
100101111111
010100110101
100100101011
011111100110
001011110111
111110101111
000101100100
111101001100
110011101000
101110001000
010011100001
110000111101
011010010110
000011101100
011111100000
110100000011
011110111101
010000011110
100000011011
001111011111
000111011111
111001111101
011101010000
011010101100
110100100100
000011011100
101011110110
011100111001
100101010010
111011110101
110011000000
101001100111
101110011110
000101000000
110101111010
111000010110
100010110110
100110000110
010000100011
100001111011
110111000110
010110101101
111100111000
010110000100
011110010011
001011011000
101000101000
100111110000
111101110101
101110011000
011001110110
111110010011
100001011010
011110111111
011101110111
100111110101
101110111110
010111000111
011001111011
001110101100
011011101101
000111000001
101001111001
110001010001
011001001011
001101011000
001010010010
011100111101
110111001100
010011011010
001001100100
100101111101
100110001010
110101011001
110011101010
001111111100
100011000000
000111001101
010010010101
010110000000
100111111100
>>>>>>> c2b0440614b4d54ab06d7e332dc9ba9147b363b4
